== outputs/aoi_yume_blue_dream_hero_refined_20260906.png 1492x1054
== OCR (conf>55, text len>=2) x,y are full-res mockup coords
x	y	w	h	conf	text
730	54	49	12	95	VOICE
75	31	80	33	80	oe
166	38	130	31	91	YUME
90	77	63	9	93	SAMPLE
165	76	76	10	92	ROMPLER
160	102	66	28	97	PRESETS
58	146	16	12	96	00
100	146	26	12	97	Blue
132	146	40	12	97	Dream
178	146	34	12	97	Piano
53	190	40	12	97	00-000
116	190	15	11	86	M1
138	190	44	15	97	Legacy
187	190	34	12	96	Piano
502	212	42	11	97	DRIVE
702	212	25	11	95	VEL
744	212	40	11	97	DRIVE
902	212	44	11	96	FILTER
952	212	53	11	96	OFFSET
53	222	38	12	96	00-001
116	222	50	12	96	Stardust
172	222	34	12	96	Piano
53	252	40	12	96	00-002
116	252	16	10	80	M1
138	252	22	12	97	Talk
167	252	34	12	97	Piano
468	258	32	10	96	TUBE
544	258	40	10	97	CURVE
676	258	20	8	96	PRE
718	250	22	11	56	(A
787	258	28	9	95	POST
944	254	24	17	78	32
1166	266	20	8	97	PRE
1294	266	29	10	97	POST
53	282	40	11	97	00-003
116	282	44	11	97	Church
166	282	37	14	96	Organ
700	291	38	10	97	FILTER
744	291	40	10	96	ROUTE
916	295	78	10	96	POLYPHONY
1225	296	46	10	97	LEGATO
53	312	40	11	97	00-004
116	312	32	11	92	Ether
154	312	50	11	76	E-Piano
53	342	40	12	96	00-005
116	342	34	14	96	Banjo
392	360	32	12	96	BUS
738	360	50	12	96	COMP
934	361	16	10	92	GR
1071	360	32	12	95	ENV
53	373	40	11	97	00-006
116	372	21	12	96	Bali
144	372	28	12	96	Bells
53	404	40	12	96	00-007
116	404	32	12	97	Brass
153	403	12	12	97	of
170	404	38	11	97	Power
53	434	40	12	97	00-008
540	434	10	12	63	Zz
116	434	36	10	96	Warm
157	434	42	14	96	Square
205	434	22	12	97	Pad
53	465	40	11	97	00-009
116	465	30	11	97	Float
152	465	40	11	96	Dream
433	469	26	9	93	TAPE
464	469	31	9	89	ORIVE
542	469	28	9	97	FOLD
610	469	34	9	97	FILTER
648	469	42	9	96	CUTOFF
750	469	66	9	97	THRESHOLD
864	469	32	9	81	RATIO
956	469	42	9	96	ATTACK
396	483	14	10	88	8x
53	496	40	11	97	00-010
116	496	38	12	97	Velvet
160	496	42	11	97	Motion
53	527	38	11	96	00-011
116	526	54	14	96	Midnight
175	527	21	14	96	Arp
53	558	40	12	97	00-012
116	558	38	12	96	Ocean
160	558	46	11	96	Chimes
432	592	66	10	96	RESONANCE
520	592	44	10	94	OUTPUT
568	593	26	9	94	TRIM
616	592	44	10	91	OUTPUT
665	592	19	9	96	MIX
759	592	48	10	97	RELEASE
857	593	47	9	96	MAKEUP
948	592	34	10	97	COMP
986	593	20	8	96	MIX
1089	606	43	9	97	ATTACK
1194	606	36	9	96	DECAY
1286	606	46	9	96	SUSTAIN
1382	606	48	9	97	RELEASE
225	679	19	12	96	FX
50	725	34	10	97	PITCH
128	725	27	10	96	MOD
534	716	42	16	70	ai
810	747	27	11	67	AZ
254	779	50	10	96	CHORUS
309	780	28	10	97	RATE
384	779	48	10	96	CHORUS
438	780	36	9	96	DEPTH
518	779	48	10	96	CHORUS
572	780	20	9	96	MIX
667	780	44	10	96	REVERB
716	780	34	10	95	ROOM
806	780	43	10	97	REVERB
854	780	33	9	97	DAMP
938	780	44	10	97	REVERB
988	780	20	9	96	MIX
1059	780	64	10	93	PING-PONG
1128	780	35	10	97	DELAY
1183	780	62	10	91	PING-PONG
1250	780	56	10	96	FEEDBACK
1342	780	34	10	97	DELAY
1382	780	20	9	97	MIX
1302	822	34	14	94	OCTAVE
236	843	101	12	91	SOUNDFONT
376	843	42	14	96	Crystal
424	844	42	14	96	Legacy
1029	832	35	22	96	LOAD
1149	844	82	12	96	KEYBOARD
1313	852	8	14	70	0)
== circles (x,y,r)
34 circles
519	146	34
742	145	35
955	143	35
464	425	33
557	428	31
647	429	32
781	424	31
879	424	32
976	424	32
463	545	32
555	544	30
649	545	32
785	542	28
879	545	32
979	548	31
1109	560	28
1210	560	32
1310	562	21
1406	555	27
293	735	30
427	735	30
555	736	31
705	737	27
973	734	24
1108	734	25
1241	731	26
1371	735	30
843	741	32
817	849	69
853	850	70
947	851	70
401	917	37
1013	925	34
1217	915	70
== row bands y, meanBGR
0	42	41	35
20	45	42	35
40	49	47	39
60	45	43	35
80	38	35	28
100	43	41	34
120	37	35	28
140	39	36	26
160	37	35	25
180	34	31	22
200	33	30	21
220	33	31	23
240	34	32	23
260	32	30	22
280	31	29	22
300	32	29	21
320	22	20	13
340	35	33	26
360	33	31	22
380	31	28	19
400	36	34	26
420	30	28	19
440	27	25	16
460	33	30	22
480	29	26	16
500	30	27	18
520	36	35	29
540	29	28	23
560	26	25	20
580	25	23	18
600	27	25	18
620	23	21	14
640	25	22	15
660	41	38	30
680	39	37	28
700	37	36	28
720	37	36	31
740	30	29	23
760	24	22	15
780	38	38	32
800	26	23	16
820	33	31	24
840	30	29	23
860	22	20	14
880	30	33	32
900	72	82	90
920	78	89	96
940	81	92	99
960	97	111	122
980	134	151	166
1000	131	149	164
1020	68	78	86
